DDYY08270407
复仇者联盟3
大地影院    
4          //影厅号
1210（以分钟为单位，显示时通过函数转换为hh:mm)  //开场时间
1340       //结束时间
130        //时长
120        //总座位
10         //总排数
12         //总列数
115         //余票
60.00      //票价
ENG        //语言
0 0 0 0 0 0 0 0 0 0 0 0
0 0 0 0 0 0 0 0 0 0 0 0
0 0 0 0 0 0 1 0 0 0 0 0
0 0 0 0 0 0 0 0 0 0 0 0
0 0 0 0 0 0 0 0 0 0 0 0
0 0 0 0 0 0 0 0 1 0 1 1
0 0 0 0 0 0 0 0 0 0 0 0
0 0 0 0 0 0 0 0 0 0 0 0
0 0 0 0 0 0 0 0 0 0 0 0
1 0 0 0 0 0 0 0 0 0 0 0    //座位分布图
-----（留空，以后再说）（本文件扩展名改为.ses） //优惠政策
307        //已占座位号，下同
609
1001
611
612
...
